function mic_xyz = perimetermic()
% Function  : perimetermic
% Creation  : 01-04-24
% Author    : Weiting Lai
% Version   : v1.00 (01-04-24)
%
% Description
%
%   Properties of the perimeter microphone array along the room walls.
%
    mic_xyz = [0     0     1.3854; ...         
               0     4.48  1.9806; ...
               0.56  0     1.0087; ...
               0.56  4.48  1.6220; ...
               1.12  0     1.5358; ...
               1.12  4.48  1.8099; ...
               1.68  0     1.5769; ...
               1.68  4.48  1.4509; ...
               2.24  0     1.5879; ...
               2.24  4.48  1.3812; ...
               2.8   0     1.8362; ...
               2.8   4.48  1.9144; ...
               3.36  0     1.6767; ...
               3.36  4.48  1.8149; ...
               0     0.56  1.7422; ...
               3.36  0.56  1.2596; ...
               0     1.12  1.7434; ...
               3.36  1.12  1.6351; ...
               0     1.68  1.9738; ...
               3.36  1.68  1.8074; ...
               0     2.24  1.4605; ...
               3.36  2.24  1.3502; ...
               0     2.8   1.5407; ...
               3.36  2.8   1.2149; ...
               0     3.36  1.5759; ...
               3.36  3.36  1.9231; ...
               0     3.92  1.7195; ...
               3.36  3.92  1.0305];
end